13.63897357170444 13.548356981372718 1.0224578450679744 11.644147447632736 7.9630141234453315 11.298697719395141 5.192414782873689 6.044264896839904 6.714020737334437 10.381155946847256
17.968789753389622 18.0938274030031 18.655272670566415 7.733702974234939 3.8369850848776665 8.545693259503462 19.82121482616073 5.426824510002579 16.405390732380184 8.201105610180266
13.854799807499107 13.64725842854332 9.435725506361063 15.271439685365314 12.844961349399863 1.7883047128995933 6.255879736629309 18.7058173718466 14.235266819843918 15.78272985632092
15.37575705487292 18.178912152661137 5.883357969233942 4.271042896402526 5.453570482152809 5.606198595585963 15.018549086550452 14.320052444087452 15.597146052231503 3.0781310093529934
5.052006294702256 2.7990559927326952 18.915331172798034 12.290287160050363 4.27460840975627 13.689849989211488 12.426647473212544 0.3416208280225286 3.4785984423897376 17.759677853410096
5.585076166983356 7.293142803883345 5.644046537106908 7.269267336561227 11.236681785964137 3.677001804251858 7.822710911344901 13.511909334261375 10.982337731023355 2.994020464246794
8.253479554340434 8.348113963451791 6.038183301898781 4.693471044266495 16.102795479732357 17.169657066674173 18.505877295507844 10.995932614881198 12.962598372979947 12.442560385448457
15.858673117045667 18.85839013689614 9.013063333534333 1.79257316315373 14.652534713872305 11.759645764301109 0.5561446361792433 15.27731060086846 1.7276351348010288 19.348947756803746
12.058805665978822 4.222413571731558 0.29317558604252003 6.425352073941846 13.342763417756125 9.410812135998587 7.721986477309153 5.717159343005114 13.510952744516029 1.1138137450067531
19.85038529291557 2.713410571061863 1.1331717750750459 0.7597158243704594 16.747797543254876 0.06097576311267394 12.319236872984705 0.9450524612626054 10.510564566516305 4.551925696796742
